Mean Weight in Stock (kilograms)    (16/Mar/2020)
       1       4
  1947    2020
       0   9
       1
   0.015   0.050   0.122   0.140    0.156   0.171   0.185   0.197   0.213     NA   #1947
   0.015   0.050   0.122   0.140    0.156   0.171   0.185   0.197   0.213     NA   #1948
   0.015   0.050   0.128   0.145    0.161   0.176   0.189   0.201   0.216     NA   #1949
   0.015   0.050   0.128   0.151    0.166   0.180   0.193   0.204   0.219     NA   #1950
   0.015   0.050   0.134   0.157    0.176   0.189   0.201   0.211   0.224     NA   #1951
   0.015   0.050   0.137   0.165    0.183   0.199   0.210   0.219   0.231     NA   #1952
   0.015   0.050   0.137   0.167    0.190   0.205   0.218   0.226   0.237     NA   #1953
   0.015   0.050   0.139   0.169    0.193   0.211   0.223   0.233   0.242     NA   #1954
   0.015   0.050   0.140   0.170    0.195   0.214   0.228   0.238   0.248     NA   #1955
   0.015   0.050   0.140   0.172    0.197   0.216   0.231   0.242   0.251     NA   #1956
   0.015   0.050   0.141   0.173    0.198   0.218   0.233   0.244   0.254     NA   #1957
   0.015   0.050   0.141   0.174    0.199   0.219   0.234   0.245   0.256     NA   #1958
   0.015   0.050   0.143   0.176    0.201   0.221   0.236   0.247   0.258     NA   #1959
   0.015   0.050   0.155   0.187    0.223   0.239   0.276   0.299   0.306   0.312  #1960
   0.015   0.050   0.155   0.187    0.223   0.239   0.276   0.299   0.306   0.312  #1961
   0.015   0.050   0.155   0.187    0.223   0.239   0.276   0.299   0.306   0.312  #1962
   0.015   0.050   0.155   0.187    0.223   0.239   0.276   0.299   0.306   0.312  #1963
   0.015   0.050   0.155   0.187    0.223   0.239   0.276   0.299   0.306   0.312  #1964
   0.015   0.050   0.155   0.187    0.223   0.239   0.276   0.299   0.306   0.312  #1965
   0.015   0.050   0.155   0.187    0.223   0.239   0.276   0.299   0.306   0.312  #1966
   0.015   0.050   0.155   0.187    0.223   0.239   0.276   0.299   0.306   0.312  #1967
   0.015   0.050   0.155   0.187    0.223   0.239   0.276   0.299   0.306   0.312  #1968
   0.015   0.050   0.155   0.187    0.223   0.239   0.276   0.299   0.306   0.312  #1969
   0.015   0.050   0.155   0.187    0.223   0.239   0.276   0.299   0.306   0.312  #1970
   0.015   0.050   0.155   0.187    0.223   0.239   0.276   0.299   0.306   0.312  #1971
   0.015   0.050   0.155   0.187    0.223   0.239   0.276   0.299   0.306   0.312  #1972
   0.015   0.050   0.155   0.187    0.223   0.239   0.276   0.299   0.306   0.312  #1973
   0.015   0.050   0.155   0.187    0.223   0.239   0.276   0.299   0.306   0.312  #1974
   0.015   0.050   0.155   0.187    0.223   0.239   0.276   0.299   0.306   0.312  #1975
   0.015   0.050   0.155   0.187    0.223   0.239   0.276   0.299   0.306   0.312  #1976
   0.015   0.050   0.155   0.187    0.223   0.239   0.276   0.299   0.306   0.312  #1977
   0.015   0.050   0.155   0.187    0.223   0.239   0.276   0.299   0.306   0.312  #1978
   0.015   0.050   0.155   0.187    0.223   0.239   0.276   0.299   0.306   0.312  #1979
   0.015   0.050   0.155   0.187    0.223   0.239   0.276   0.299   0.306   0.312  #1980
   0.015   0.050   0.155   0.187    0.223   0.239   0.276   0.299   0.306   0.312  #1981
   0.015   0.050   0.155   0.187    0.223   0.239   0.276   0.299   0.306   0.312  #1982
   0.015   0.050   0.155   0.187    0.223   0.239   0.276   0.299   0.306   0.312  #1983
   0.022   0.070   0.141   0.197    0.243   0.252   0.294   0.334   0.401   0.417  #1984
   0.010   0.049   0.118   0.177    0.231   0.249   0.254   0.330   0.317   0.366  #1985
   0.010   0.064   0.131   0.176    0.221   0.255   0.271   0.280   0.276   0.392  #1986
   0.007   0.038   0.116   0.157    0.185   0.186   0.201   0.214   0.210   0.270  #1987
   0.007   0.043   0.122   0.166    0.219   0.246   0.273   0.282   0.304   0.313  #1988
   0.012   0.050   0.129   0.173    0.210   0.253   0.283   0.288   0.316   0.363  #1989
   0.018   0.063   0.126   0.184    0.206   0.232   0.256   0.281   0.275   0.317  #1990
   0.004   0.064   0.162   0.194    0.220   0.231   0.257   0.270   0.310   0.303  #1991
   0.009   0.064   0.122   0.204    0.216   0.240   0.246   0.264   0.288   0.315  #1992
   0.004   0.055   0.118   0.155    0.203   0.232   0.282   0.284   0.309   0.341  #1993
   0.009   0.061   0.139   0.216    0.224   0.247   0.296   0.326   0.331   0.356  #1994
   0.005   0.056   0.131   0.186    0.205   0.194   0.226   0.270   0.314   0.339  #1995
   0.004   0.045   0.119   0.196    0.253   0.262   0.299   0.306   0.325   0.335  #1996
   0.006   0.045   0.120   0.168    0.233   0.256   0.245   0.265   0.269   0.329  #1997
   0.007   0.052   0.109   0.198    0.238   0.275   0.307   0.289   0.308   0.363  #1998
   0.005   0.055   0.119   0.172    0.208   0.237   0.268   0.274   0.233   0.263  #1999
   0.005   0.047   0.119   0.181    0.218   0.233   0.261   0.295   0.302   0.283  #2000
   0.008   0.050   0.127   0.162    0.204   0.228   0.237   0.255   0.286   0.294  #2001
   0.006   0.045   0.138   0.172    0.194   0.224   0.247   0.261   0.280   0.249  #2002
   0.006   0.046   0.104   0.185    0.209   0.214   0.243   0.281   0.290   0.307  #2003
   0.008   0.035   0.116   0.139    0.205   0.231   0.253   0.261   0.279   0.270  #2004
   0.003   0.043   0.134   0.169    0.180   0.229   0.248   0.253   0.274   0.295  #2005
   0.009   0.045   0.127   0.158    0.188   0.188   0.225   0.243   0.244   0.265  #2006
   0.006   0.066   0.123   0.155    0.171   0.204   0.198   0.218   0.247   0.233  #2007
   0.009   0.062   0.141   0.180    0.183   0.194   0.230   0.217   0.268   0.282  #2008
   0.007   0.056   0.148   0.208    0.236   0.232   0.240   0.266   0.249   0.263  #2009
   0.006   0.038   0.138   0.183    0.229   0.245   0.233   0.237   0.252   0.251  #2010
   0.007   0.035   0.151   0.171    0.210   0.242   0.258   0.249   0.252   0.275  #2011
   0.005   0.048   0.125   0.192    0.195   0.212   0.232   0.242   0.239   0.243  #2012
   0.006   0.038   0.131   0.161    0.221   0.210   0.236   0.257   0.249   0.252  #2013
   0.006   0.044   0.130   0.177    0.195   0.225   0.218   0.225   0.250   0.246  #2014
   0.004   0.049   0.121   0.146    0.184   0.200   0.220   0.205   0.210   0.229  #2015
   0.005   0.037   0.112   0.158    0.187   0.223   0.235   0.243   0.232   0.236  #2016
   0.0035  0.0426  0.0996  0.1555   0.1779  0.1983  0.2246  0.2332  0.2373  0.2305 #2017
   0.0052  0.0403  0.0923  0.1454   0.1924  0.2238  0.2280  0.2401  0.2721  0.2729 #2018
   0.0033  0.0378  0.1051  0.1445   0.1618  0.2048  0.2258  0.2403  0.2580  0.2558 #2019
   0.0027  0.0441  0.1243  0.1587   0.1907  0.2219  0.2334  0.2468  0.2556  0.2683 #2020